66666666666666666666666666666
66000000000000000000000000066
66000000000000000000000000066
66666666666666666666666666666
66666666666666666666666666666
66000000000000000000000000066
66000000000000000000000000066
66666666666666666666666666666
66666666666666666666666666666
66000000000000000000000000066
66000000000000000000000000066
66666666666666666666666666666
66666666666666666666666666666
66000000000000000000000000066
66000000000000000000000000066
66666666666666666666666666666
66666666666666666666666666666
66000000000000000000000000066
66000000000000000000000000066
66666666666666666666666666666
66666666666666666666666666666